1 matrix:
5 11
15	9	0	14	2	5	7	27	31	32	8
22	5	29	37	18	16	15	15	13	23	11
25	35	20	32	39	12	4	35	6	11	16
14	6	1	27	18	22	34	13	21	7	22
8	5	28	18	1	22	7	32	16	24	31

2 matrix:
12 10
28	9	17	16	8	29	20	26	26	3
30	22	18	14	8	39	10	15	10	22
34	36	20	38	15	11	33	39	28	34
9	25	20	17	22	19	14	26	1	13
18	15	13	27	28	37	21	11	7	32
18	17	19	32	15	8	17	18	24	20
6	25	16	5	7	14	11	39	37	14
35	8	9	35	7	10	1	22	16	17
18	35	38	15	9	13	35	7	13	12
14	14	23	28	27	24	38	33	16	34
28	23	27	20	4	22	26	18	0	6
27	11	6	31	6	33	11	21	16	34

4 matrix:
2 14
30	5	34	32	3	14	1	15	13	34	31	16	6	16
38	31	12	28	34	25	5	12	13	8	35	15	10	24

5 matrix:
3 10
20	27	31	0	8	18	20	2	23	30
9	27	9	14	13	26	15	1	14	28
39	6	5	10	37	34	5	23	8	18

